Header: 
Footer: 
Point prm/cv           freq     real(sd.m.     imag(sd.m.     real(sd.m.     imag(sd.m.     real(sd.m.     imag(sd.m.     real(sd.m.     imag(sd.m.
    0   0/ 0  2.500000E+008  2.076463E-003  1.486065E-003  9.978082E-001 -3.727818E-003  9.978293E-001 -3.756326E-003  2.088300E-003  1.331583E-003
    1   1/ 0  5.000000E+008  3.091147E-003  2.066370E-003  9.969350E-001 -6.829542E-003  9.969522E-001 -6.863528E-003  3.092143E-003  2.040929E-003
    2   2/ 0  7.500000E+008  3.909773E-003  2.278592E-003  9.961370E-001 -9.566062E-003  9.962131E-001 -9.490230E-003  3.934636E-003  2.325397E-003
    3   3/ 0  1.000000E+009  4.446613E-003  2.214583E-003  9.954429E-001 -1.201450E-002  9.955639E-001 -1.199840E-002  4.437239E-003  2.306610E-003
    4   4/ 0  1.250000E+009  4.901694E-003  2.312129E-003  9.949478E-001 -1.443891E-002  9.949771E-001 -1.445034E-002  4.974775E-003  2.349179E-003
    5   5/ 0  1.500000E+009  5.383783E-003  2.220578E-003  9.944684E-001 -1.679111E-002  9.944899E-001 -1.679833E-002  5.471759E-003  2.238502E-003
    6   6/ 0  1.750000E+009  5.836775E-003  2.179195E-003  9.940494E-001 -1.915016E-002  9.940693E-001 -1.910342E-002  5.950843E-003  2.109431E-003
    7   7/ 0  2.000000E+009  6.170829E-003  1.985452E-003  9.935919E-001 -2.143204E-002  9.937000E-001 -2.142039E-002  6.238826E-003  1.989758E-003
    8   8/ 0  2.250000E+009  6.546962E-003  1.905863E-003  9.931221E-001 -2.367374E-002  9.932830E-001 -2.369357E-002  6.610908E-003  1.877033E-003
    9   9/ 0  2.500000E+009  6.872698E-003  1.704522E-003  9.927998E-001 -2.596699E-002  9.928633E-001 -2.594230E-002  6.915208E-003  1.673272E-003
   10  10/ 0  2.750000E+009  7.191546E-003  1.569423E-003  9.924688E-001 -2.820655E-002  9.924930E-001 -2.821097E-002  7.241912E-003  1.547212E-003
   11  11/ 0  3.000000E+009  7.502916E-003  1.320095E-003  9.921790E-001 -3.050018E-002  9.921276E-001 -3.050822E-002  7.496704E-003  1.331325E-003
   12  12/ 0  3.250000E+009  7.722736E-003  1.114078E-003  9.917855E-001 -3.273273E-002  9.917656E-001 -3.276722E-002  7.726435E-003  1.116108E-003
   13  13/ 0  3.500000E+009  7.957583E-003  9.030908E-004  9.914526E-001 -3.497880E-002  9.914511E-001 -3.494734E-002  7.928749E-003  8.380548E-004
   14  14/ 0  3.750000E+009  8.208868E-003  6.409919E-004  9.911224E-001 -3.718745E-002  9.911044E-001 -3.720375E-002  8.190804E-003  6.480596E-004
   15  15/ 0  4.000000E+009  8.374650E-003  4.506388E-004  9.907184E-001 -3.941466E-002  9.907266E-001 -3.930747E-002  8.358094E-003  4.951253E-004
   16  16/ 0  4.250000E+009  8.628481E-003  1.679691E-004  9.904263E-001 -4.155420E-002  9.904395E-001 -4.154288E-002  8.634257E-003  1.766680E-004
   17  17/ 0  4.500000E+009  8.852149E-003  7.858468E-005  9.900906E-001 -4.374130E-002  9.900829E-001 -4.369700E-002  8.867108E-003  2.668942E-005
   18  18/ 0  4.750000E+009  9.056273E-003 -2.702832E-004  9.897672E-001 -4.594627E-002  9.897535E-001 -4.585625E-002  9.026179E-003 -3.119833E-004
   19  19/ 0  5.000000E+009  9.256899E-003 -4.417616E-004  9.894532E-001 -4.813367E-002  9.894205E-001 -4.801793E-002  9.250237E-003 -4.641180E-004
   20  20/ 0  5.250000E+009  9.458350E-003 -7.882137E-004  9.890912E-001 -5.032840E-002  9.891204E-001 -5.020502E-002  9.535734E-003 -7.554966E-004
   21  21/ 0  5.500000E+009  9.556332E-003 -9.951250E-004  9.888105E-001 -5.248599E-002  9.887166E-001 -5.241624E-002  9.656989E-003 -1.038647E-003
   22  22/ 0  5.750000E+009  9.673506E-003 -1.267129E-003  9.883993E-001 -5.465095E-002  9.883961E-001 -5.455178E-002  9.829384E-003 -1.271394E-003
   23  23/ 0  6.000000E+009  9.777582E-003 -1.426908E-003  9.880580E-001 -5.680081E-002  9.880930E-001 -5.664017E-002  1.005073E-002 -1.553781E-003
   24  24/ 0  6.250000E+009  1.002888E-002 -1.788574E-003  9.876930E-001 -5.892821E-002  9.877846E-001 -5.884190E-002  1.025108E-002 -1.931107E-003
   25  25/ 0  6.500000E+009  9.977708E-003 -2.023814E-003  9.874217E-001 -6.103728E-002  9.874188E-001 -6.090780E-002  1.024688E-002 -2.030926E-003
   26  26/ 0  6.750000E+009  1.022929E-002 -2.416528E-003  9.870924E-001 -6.319309E-002  9.871050E-001 -6.308978E-002  1.049707E-002 -2.526239E-003
   27  27/ 0  7.000000E+009  1.031515E-002 -2.629094E-003  9.867705E-001 -6.535945E-002  9.868164E-001 -6.522481E-002  1.047938E-002 -2.643695E-003
   28  28/ 0  7.250000E+009  1.051113E-002 -2.942031E-003  9.864537E-001 -6.745790E-002  9.864344E-001 -6.723852E-002  1.072530E-002 -3.071554E-003
   29  29/ 0  7.500000E+009  1.062849E-002 -3.153543E-003  9.861195E-001 -6.959762E-002  9.861541E-001 -6.941624E-002  1.078132E-002 -3.242831E-003
   30  30/ 0  7.750000E+009  1.082022E-002 -3.450135E-003  9.857906E-001 -7.170060E-002  9.858699E-001 -7.152230E-002  1.106460E-002 -3.690235E-003
   31  31/ 0  8.000000E+009  1.087241E-002 -3.768036E-003  9.854157E-001 -7.385920E-002  9.855191E-001 -7.362050E-002  1.089871E-002 -3.909651E-003
   32  32/ 0  8.250000E+009  1.095371E-002 -3.925944E-003  9.850887E-001 -7.598093E-002  9.851462E-001 -7.572320E-002  1.125903E-002 -4.084548E-003
   33  33/ 0  8.500000E+009  1.098248E-002 -4.276947E-003  9.847900E-001 -7.805348E-002  9.848506E-001 -7.782738E-002  1.126522E-002 -4.549570E-003
   34  34/ 0  8.750000E+009  1.116001E-002 -4.420670E-003  9.843850E-001 -8.006952E-002  9.845173E-001 -7.991864E-002  1.135906E-002 -4.685113E-003
   35  35/ 0  9.000000E+009  1.117525E-002 -4.736152E-003  9.839925E-001 -8.221219E-002  9.841992E-001 -8.198768E-002  1.154594E-002 -4.930370E-003
   36  36/ 0  9.250000E+009  1.127394E-002 -5.062597E-003  9.836790E-001 -8.433319E-002  9.838444E-001 -8.408828E-002  1.155714E-002 -5.330233E-003
   37  37/ 0  9.500000E+009  1.134480E-002 -5.239551E-003  9.833875E-001 -8.641542E-002  9.835242E-001 -8.625580E-002  1.180018E-002 -5.611968E-003
   38  38/ 0  9.750000E+009  1.143908E-002 -5.722881E-003  9.829737E-001 -8.846626E-002  9.831023E-001 -8.831468E-002  1.170713E-002 -5.989746E-003
   39  39/ 0  1.000000E+010  1.147083E-002 -5.934140E-003  9.827023E-001 -9.060326E-002  9.828507E-001 -9.040323E-002  1.203545E-002 -6.100491E-003
   40  40/ 0  1.025000E+010  1.161616E-002 -6.516225E-003  9.822957E-001 -9.270943E-002  9.824158E-001 -9.250827E-002  1.193107E-002 -6.886594E-003
   41  41/ 0  1.050000E+010  1.147541E-002 -6.628080E-003  9.818945E-001 -9.479942E-002  9.821075E-001 -9.461735E-002  1.202109E-002 -6.722524E-003
   42  42/ 0  1.075000E+010  1.168387E-002 -7.046894E-003  9.815190E-001 -9.681124E-002  9.816997E-001 -9.664671E-002  1.217801E-002 -7.411455E-003
   43  43/ 0  1.100000E+010  1.164055E-002 -7.125410E-003  9.811789E-001 -9.887430E-002  9.813173E-001 -9.871721E-002  1.212086E-002 -7.447100E-003
   44  44/ 0  1.125000E+010  1.172314E-002 -7.469464E-003  9.808856E-001 -1.010392E-001  9.809858E-001 -1.007882E-001  1.220915E-002 -7.965009E-003
   45  45/ 0  1.150000E+010  1.183284E-002 -7.444949E-003  9.804427E-001 -1.029966E-001  9.806588E-001 -1.027664E-001  1.236439E-002 -7.843279E-003
   46  46/ 0  1.175000E+010  1.197098E-002 -7.903643E-003  9.801456E-001 -1.051268E-001  9.803153E-001 -1.049379E-001  1.261256E-002 -8.546214E-003
   47  47/ 0  1.200000E+010  1.200475E-002 -8.021796E-003  9.797958E-001 -1.071329E-001  9.799059E-001 -1.069552E-001  1.257640E-002 -8.548142E-003
   48  48/ 0  1.225000E+010  1.184683E-002 -8.389462E-003  9.793566E-001 -1.092441E-001  9.795439E-001 -1.090858E-001  1.278615E-002 -9.010697E-003
   49  49/ 0  1.250000E+010  1.204590E-002 -8.693339E-003  9.790443E-001 -1.113446E-001  9.791524E-001 -1.111071E-001  1.270368E-002 -9.471295E-003
   50  50/ 0  1.275000E+010  1.188991E-002 -8.891741E-003  9.785704E-001 -1.133974E-001  9.787835E-001 -1.131518E-001  1.294250E-002 -9.727314E-003
   51  51/ 0  1.300000E+010  1.189235E-002 -9.358220E-003  9.782564E-001 -1.154491E-001  9.784238E-001 -1.151514E-001  1.255200E-002 -1.017445E-002
   52  52/ 0  1.325000E+010  1.195825E-002 -9.396374E-003  9.777675E-001 -1.174326E-001  9.780034E-001 -1.172327E-001  1.293816E-002 -1.019927E-002
   53  53/ 0  1.350000E+010  1.211866E-002 -1.009847E-002  9.775217E-001 -1.194806E-001  9.776710E-001 -1.192622E-001  1.254614E-002 -1.101354E-002
   54  54/ 0  1.375000E+010  1.222778E-002 -1.005877E-002  9.770646E-001 -1.215589E-001  9.771907E-001 -1.212567E-001  1.264438E-002 -1.051530E-002
   55  55/ 0  1.400000E+010  1.242438E-002 -1.057384E-002  9.767362E-001 -1.234937E-001  9.768810E-001 -1.232223E-001  1.285486E-002 -1.127398E-002
   56  56/ 0  1.425000E+010  1.256332E-002 -1.079721E-002  9.763063E-001 -1.256592E-001  9.764175E-001 -1.254057E-001  1.255717E-002 -1.136119E-002
   57  57/ 0  1.450000E+010  1.254539E-002 -1.116304E-002  9.759215E-001 -1.276431E-001  9.760365E-001 -1.273303E-001  1.283561E-002 -1.145194E-002
   58  58/ 0  1.475000E+010  1.244382E-002 -1.160425E-002  9.755136E-001 -1.297475E-001  9.757301E-001 -1.294907E-001  1.266201E-002 -1.179258E-002
   59  59/ 0  1.500000E+010  1.225177E-002 -1.167977E-002  9.750709E-001 -1.317493E-001  9.752362E-001 -1.315165E-001  1.317553E-002 -1.186755E-002
   60  60/ 0  1.525000E+010  1.211097E-002 -1.224186E-002  9.747489E-001 -1.337884E-001  9.748201E-001 -1.335928E-001  1.284694E-002 -1.243237E-002
   61  61/ 0  1.550000E+010  1.187314E-002 -1.193341E-002  9.741711E-001 -1.357373E-001  9.743718E-001 -1.354995E-001  1.338035E-002 -1.203930E-002
   62  62/ 0  1.575000E+010  1.193613E-002 -1.248361E-002  9.738381E-001 -1.378188E-001  9.740284E-001 -1.375547E-001  1.350154E-002 -1.304587E-002
   63  63/ 0  1.600000E+010  1.174442E-002 -1.243432E-002  9.733600E-001 -1.397857E-001  9.736038E-001 -1.395781E-001  1.348941E-002 -1.301605E-002
   64  64/ 0  1.625000E+010  1.178671E-002 -1.265166E-002  9.730445E-001 -1.417394E-001  9.731707E-001 -1.416527E-001  1.367562E-002 -1.337737E-002
   65  65/ 0  1.650000E+010  1.173838E-002 -1.298842E-002  9.726030E-001 -1.438401E-001  9.727387E-001 -1.436859E-001  1.382718E-002 -1.384342E-002
   66  66/ 0  1.675000E+010  1.211497E-002 -1.331023E-002  9.722038E-001 -1.459078E-001  9.723227E-001 -1.457366E-001  1.359263E-002 -1.437538E-002
   67  67/ 0  1.700000E+010  1.202407E-002 -1.351975E-002  9.717320E-001 -1.478843E-001  9.719574E-001 -1.476946E-001  1.348584E-002 -1.450101E-002
   68  68/ 0  1.725000E+010  1.232280E-002 -1.385422E-002  9.713077E-001 -1.498654E-001  9.714965E-001 -1.497399E-001  1.353668E-002 -1.510004E-002
   69  69/ 0  1.750000E+010  1.242233E-002 -1.405769E-002  9.709105E-001 -1.518504E-001  9.710467E-001 -1.517402E-001  1.321367E-002 -1.536958E-002
   70  70/ 0  1.775000E+010  1.243131E-002 -1.458180E-002  9.705095E-001 -1.538963E-001  9.706721E-001 -1.537940E-001  1.300765E-002 -1.551024E-002
   71  71/ 0  1.800000E+010  1.246842E-002 -1.459606E-002  9.700321E-001 -1.559187E-001  9.701705E-001 -1.557081E-001  1.327651E-002 -1.532881E-002
   72  72/ 0  1.825000E+010  1.240747E-002 -1.490096E-002  9.696659E-001 -1.578061E-001  9.698357E-001 -1.576908E-001  1.350110E-002 -1.594591E-002
   73  73/ 0  1.850000E+010  1.235295E-002 -1.519197E-002  9.691119E-001 -1.599335E-001  9.693174E-001 -1.598559E-001  1.320855E-002 -1.605215E-002
   74  74/ 0  1.875000E+010  1.216539E-002 -1.501067E-002  9.686675E-001 -1.618051E-001  9.688783E-001 -1.616595E-001  1.403172E-002 -1.593679E-002
   75  75/ 0  1.900000E+010  1.213989E-002 -1.561065E-002  9.681716E-001 -1.640504E-001  9.684784E-001 -1.637778E-001  1.379007E-002 -1.686149E-002
   76  76/ 0  1.925000E+010  1.185673E-002 -1.566697E-002  9.676942E-001 -1.658786E-001  9.679814E-001 -1.658072E-001  1.374752E-002 -1.658442E-002
   77  77/ 0  1.950000E+010  1.203057E-002 -1.601372E-002  9.673018E-001 -1.678840E-001  9.674839E-001 -1.677843E-001  1.381736E-002 -1.707893E-002
   78  78/ 0  1.975000E+010  1.180091E-002 -1.629949E-002  9.668183E-001 -1.699012E-001  9.670861E-001 -1.698180E-001  1.372637E-002 -1.733777E-002
   79  79/ 0  2.000000E+010  1.232777E-002 -1.672486E-002  9.664124E-001 -1.719022E-001  9.665768E-001 -1.717934E-001  1.367532E-002 -1.771633E-002
   80  80/ 0  2.025000E+010  1.184630E-002 -1.714281E-002  9.659452E-001 -1.738230E-001  9.661361E-001 -1.738197E-001  1.313326E-002 -1.780241E-002
   81  81/ 0  2.050000E+010  1.244836E-002 -1.710596E-002  9.653529E-001 -1.757485E-001  9.656164E-001 -1.756667E-001  1.353805E-002 -1.794952E-002
   82  82/ 0  2.075000E+010  1.223834E-002 -1.791774E-002  9.649382E-001 -1.778237E-001  9.651938E-001 -1.777333E-001  1.321137E-002 -1.889261E-002
   83  83/ 0  2.100000E+010  1.239681E-002 -1.770934E-002  9.644467E-001 -1.798471E-001  9.645982E-001 -1.797246E-001  1.298008E-002 -1.831641E-002
   84  84/ 0  2.125000E+010  1.244618E-002 -1.797370E-002  9.639427E-001 -1.817726E-001  9.642128E-001 -1.817113E-001  1.365082E-002 -1.909998E-002
   85  85/ 0  2.150000E+010  1.251477E-002 -1.823021E-002  9.635574E-001 -1.837607E-001  9.636995E-001 -1.836411E-001  1.329673E-002 -1.936507E-002
   86  86/ 0  2.175000E+010  1.218848E-002 -1.852342E-002  9.630541E-001 -1.856906E-001  9.632540E-001 -1.856869E-001  1.344135E-002 -1.956026E-002
   87  87/ 0  2.200000E+010  1.217713E-002 -1.835205E-002  9.625716E-001 -1.876393E-001  9.628064E-001 -1.876039E-001  1.372093E-002 -1.948384E-002
   88  88/ 0  2.225000E+010  1.209152E-002 -1.888142E-002  9.620685E-001 -1.896571E-001  9.623078E-001 -1.896041E-001  1.364019E-002 -2.009698E-002
   89  89/ 0  2.250000E+010  1.195621E-002 -1.896246E-002  9.615357E-001 -1.918081E-001  9.618724E-001 -1.916266E-001  1.369963E-002 -1.987244E-002
   90  90/ 0  2.275000E+010  1.205509E-002 -1.925906E-002  9.610061E-001 -1.936970E-001  9.613787E-001 -1.935618E-001  1.350025E-002 -2.032328E-002
   91  91/ 0  2.300000E+010  1.200589E-002 -1.956944E-002  9.606428E-001 -1.956248E-001  9.609951E-001 -1.955288E-001  1.392531E-002 -2.028182E-002
   92  92/ 0  2.325000E+010  1.207267E-002 -2.041864E-002  9.601261E-001 -1.977623E-001  9.604134E-001 -1.975859E-001  1.321663E-002 -2.119099E-002
   93  93/ 0  2.350000E+010  1.153413E-002 -2.064216E-002  9.595216E-001 -1.996537E-001  9.598929E-001 -1.994561E-001  1.324048E-002 -2.050945E-002
   94  94/ 0  2.375000E+010  1.196626E-002 -2.098389E-002  9.590804E-001 -2.015685E-001  9.593369E-001 -2.013518E-001  1.329677E-002 -2.161179E-002
   95  95/ 0  2.400000E+010  1.151610E-002 -2.178318E-002  9.584788E-001 -2.034762E-001  9.588101E-001 -2.033465E-001  1.246451E-002 -2.200790E-002
   96  96/ 0  2.425000E+010  1.144055E-002 -2.117918E-002  9.578699E-001 -2.055036E-001  9.582154E-001 -2.054441E-001  1.262666E-002 -2.123874E-002
   97  97/ 0  2.450000E+010  1.133326E-002 -2.159944E-002  9.574605E-001 -2.074623E-001  9.577394E-001 -2.072630E-001  1.290982E-002 -2.233764E-002
   98  98/ 0  2.475000E+010  1.150137E-002 -2.144790E-002  9.569981E-001 -2.094565E-001  9.573060E-001 -2.094025E-001  1.273849E-002 -2.214033E-002
   99  99/ 0  2.500000E+010  1.086924E-002 -2.175763E-002  9.563956E-001 -2.114909E-001  9.567202E-001 -2.112734E-001  1.295569E-002 -2.234059E-002
  100 100/ 0  2.525000E+010  1.135362E-002 -2.156641E-002  9.558968E-001 -2.134084E-001  9.561988E-001 -2.132912E-001  1.330416E-002 -2.241447E-002
  101 101/ 0  2.550000E+010  1.094779E-002 -2.150136E-002  9.554421E-001 -2.151977E-001  9.557081E-001 -2.151864E-001  1.354771E-002 -2.282803E-002
  102 102/ 0  2.575000E+010  1.092683E-002 -2.217314E-002  9.547155E-001 -2.174151E-001  9.550304E-001 -2.173483E-001  1.293737E-002 -2.322060E-002
  103 103/ 0  2.600000E+010  1.064165E-002 -2.163083E-002  9.540804E-001 -2.192913E-001  9.544919E-001 -2.191699E-001  1.335019E-002 -2.293263E-002
  104 104/ 0  2.625000E+010  1.093244E-002 -2.233294E-002  9.536010E-001 -2.212513E-001  9.539613E-001 -2.210777E-001  1.305505E-002 -2.382937E-002
  105 105/ 0  2.650000E+010  1.081360E-002 -2.295599E-002  9.530100E-001 -2.233203E-001  9.533540E-001 -2.232201E-001  1.215726E-002 -2.357974E-002
  106 106/ 0  2.675000E+010  1.071732E-002 -2.279062E-002  9.523773E-001 -2.253616E-001  9.528239E-001 -2.249074E-001  1.265809E-002 -2.325714E-002
  107 107/ 0  2.700000E+010  1.130959E-002 -2.335653E-002  9.519422E-001 -2.271608E-001  9.522856E-001 -2.269948E-001  1.211209E-002 -2.428920E-002
  108 108/ 0  2.725000E+010  1.077076E-002 -2.402492E-002  9.513279E-001 -2.290593E-001  9.518525E-001 -2.291221E-001  1.205143E-002 -2.409498E-002
  109 109/ 0  2.750000E+010  1.077512E-002 -2.347577E-002  9.508205E-001 -2.310649E-001  9.510513E-001 -2.309592E-001  1.176871E-002 -2.394555E-002
  110 110/ 0  2.775000E+010  1.089997E-002 -2.403438E-002  9.502670E-001 -2.330143E-001  9.507664E-001 -2.326932E-001  1.242414E-002 -2.452697E-002
  111 111/ 0  2.800000E+010  1.069084E-002 -2.395710E-002  9.495288E-001 -2.349874E-001  9.501791E-001 -2.346628E-001  1.213482E-002 -2.475452E-002
  112 112/ 0  2.825000E+010  1.044157E-002 -2.441936E-002  9.492149E-001 -2.368210E-001  9.496549E-001 -2.367137E-001  1.203279E-002 -2.508522E-002
  113 113/ 0  2.850000E+010  1.045387E-002 -2.393477E-002  9.483613E-001 -2.387450E-001  9.489228E-001 -2.385562E-001  1.262148E-002 -2.464526E-002
  114 114/ 0  2.875000E+010  1.040024E-002 -2.418531E-002  9.484903E-001 -2.403349E-001  9.488380E-001 -2.401724E-001  1.274555E-002 -2.567328E-002
  115 115/ 0  2.900000E+010  9.493717E-003 -2.482049E-002  9.473178E-001 -2.428106E-001  9.477821E-001 -2.426392E-001  1.207609E-002 -2.482274E-002
  116 116/ 0  2.925000E+010  9.961557E-003 -2.415098E-002  9.466616E-001 -2.442773E-001  9.471865E-001 -2.440492E-001  1.319469E-002 -2.540894E-002
  117 117/ 0  2.950000E+010  1.010637E-002 -2.476397E-002  9.463093E-001 -2.465259E-001  9.466315E-001 -2.462372E-001  1.213263E-002 -2.540843E-002
  118 118/ 0  2.975000E+010  9.271818E-003 -2.487856E-002  9.455316E-001 -2.484642E-001  9.460592E-001 -2.483892E-001  1.218044E-002 -2.579876E-002
  119 119/ 0  3.000000E+010  9.616744E-003 -2.537533E-002  9.448495E-001 -2.506601E-001  9.454527E-001 -2.502357E-001  1.197100E-002 -2.524432E-002
  120 120/ 0  3.025000E+010  9.948663E-003 -2.535205E-002  9.444481E-001 -2.526272E-001  9.450545E-001 -2.523026E-001  1.203862E-002 -2.640712E-002
  121 121/ 0  3.050000E+010  9.652659E-003 -2.583475E-002  9.437980E-001 -2.544125E-001  9.442225E-001 -2.541446E-001  1.134536E-002 -2.613018E-002
  122 122/ 0  3.075000E+010  9.822541E-003 -2.614953E-002  9.430663E-001 -2.566158E-001  9.435657E-001 -2.562326E-001  1.131411E-002 -2.643198E-002
  123 123/ 0  3.100000E+010  9.503677E-003 -2.607283E-002  9.425920E-001 -2.583758E-001  9.428056E-001 -2.580840E-001  1.192936E-002 -2.662217E-002
  124 124/ 0  3.125000E+010  9.277280E-003 -2.673580E-002  9.418811E-001 -2.602187E-001  9.423875E-001 -2.599160E-001  1.134618E-002 -2.732725E-002
  125 125/ 0  3.150000E+010  8.774304E-003 -2.619883E-002  9.409213E-001 -2.621882E-001  9.417732E-001 -2.620376E-001  1.163549E-002 -2.641847E-002
  126 126/ 0  3.175000E+010  8.297852E-003 -2.574381E-002  9.405655E-001 -2.635733E-001  9.410899E-001 -2.635024E-001  1.198668E-002 -2.748521E-002
  127 127/ 0  3.200000E+010  8.789980E-003 -2.611503E-002  9.401133E-001 -2.658401E-001  9.409078E-001 -2.653823E-001  1.177510E-002 -2.735614E-002
  128 128/ 0  3.225000E+010  8.378369E-003 -2.616096E-002  9.391650E-001 -2.679556E-001  9.399943E-001 -2.677166E-001  1.120715E-002 -2.738234E-002
  129 129/ 0  3.250000E+010  9.120928E-003 -2.546077E-002  9.386652E-001 -2.694528E-001  9.392234E-001 -2.691516E-001  1.190561E-002 -2.722544E-002
  130 130/ 0  3.275000E+010  8.625717E-003 -2.698047E-002  9.381274E-001 -2.715209E-001  9.385045E-001 -2.713592E-001  1.136669E-002 -2.733029E-002
  131 131/ 0  3.300000E+010  8.613795E-003 -2.631210E-002  9.375709E-001 -2.733052E-001  9.380592E-001 -2.732680E-001  1.181251E-002 -2.748357E-002
  132 132/ 0  3.325000E+010  8.599890E-003 -2.691129E-002  9.367172E-001 -2.755137E-001  9.372922E-001 -2.755286E-001  1.105533E-002 -2.755973E-002
  133 133/ 0  3.350000E+010  8.934925E-003 -2.636793E-002  9.360830E-001 -2.773111E-001  9.366012E-001 -2.769081E-001  1.136156E-002 -2.770266E-002
  134 134/ 0  3.375000E+010  9.514995E-003 -2.750779E-002  9.354176E-001 -2.792569E-001  9.359888E-001 -2.792473E-001  1.084105E-002 -2.818145E-002
  135 135/ 0  3.400000E+010  8.186692E-003 -2.675549E-002  9.347079E-001 -2.812421E-001  9.351804E-001 -2.811296E-001  1.069009E-002 -2.775966E-002
  136 136/ 0  3.425000E+010  9.848384E-003 -2.628997E-002  9.339062E-001 -2.828176E-001  9.344370E-001 -2.823511E-001  1.155765E-002 -2.770978E-002
  137 137/ 0  3.450000E+010  8.833530E-003 -2.796460E-002  9.334894E-001 -2.847466E-001  9.340489E-001 -2.848202E-001  1.060652E-002 -2.907414E-002
  138 138/ 0  3.475000E+010  8.951440E-003 -2.648582E-002  9.320339E-001 -2.864665E-001  9.327984E-001 -2.862306E-001  1.158063E-002 -2.763747E-002
  139 139/ 0  3.500000E+010  9.502562E-003 -2.833612E-002  9.322411E-001 -2.884026E-001  9.328532E-001 -2.881920E-001  1.100182E-002 -2.972725E-002
  140 140/ 0  3.525000E+010  8.793366E-003 -2.739693E-002  9.313441E-001 -2.903943E-001  9.322525E-001 -2.904322E-001  1.157853E-002 -2.864681E-002
  141 141/ 0  3.550000E+010  8.545542E-003 -2.860277E-002  9.308189E-001 -2.921893E-001  9.315418E-001 -2.924980E-001  1.063268E-002 -2.935149E-002
  142 142/ 0  3.575000E+010  8.174587E-003 -2.749271E-002  9.299487E-001 -2.940869E-001  9.308160E-001 -2.941816E-001  1.146980E-002 -2.840879E-002
  143 143/ 0  3.600000E+010  8.719124E-003 -2.844416E-002  9.294803E-001 -2.959474E-001  9.302699E-001 -2.958732E-001  1.124626E-002 -2.911541E-002
  144 144/ 0  3.625000E+010  8.390289E-003 -2.864240E-002  9.289558E-001 -2.983236E-001  9.293129E-001 -2.981060E-001  1.135290E-002 -2.923474E-002
  145 145/ 0  3.650000E+010  8.069972E-003 -2.811582E-002  9.279786E-001 -2.999745E-001  9.285207E-001 -2.999633E-001  1.085601E-002 -2.860791E-002
  146 146/ 0  3.675000E+010  9.363833E-003 -2.902585E-002  9.273954E-001 -3.013742E-001  9.282284E-001 -3.016067E-001  1.118008E-002 -2.963393E-002
  147 147/ 0  3.700000E+010  8.051235E-003 -2.946186E-002  9.264779E-001 -3.036402E-001  9.272917E-001 -3.039537E-001  1.010908E-002 -2.892099E-002
  148 148/ 0  3.725000E+010  8.306744E-003 -2.856781E-002  9.258269E-001 -3.052898E-001  9.264412E-001 -3.057120E-001  1.077462E-002 -2.895125E-002
  149 149/ 0  3.750000E+010  8.434571E-003 -2.875058E-002  9.250841E-001 -3.071936E-001  9.255753E-001 -3.076832E-001  1.079066E-002 -2.924984E-002
  150 150/ 0  3.775000E+010  8.108683E-003 -2.952839E-002  9.244079E-001 -3.091274E-001  9.252932E-001 -3.092076E-001  1.034901E-002 -2.989923E-002
  151 151/ 0  3.800000E+010  7.973623E-003 -2.876819E-002  9.236604E-001 -3.109314E-001  9.242331E-001 -3.110324E-001  1.141472E-002 -2.874144E-002
  152 152/ 0  3.825000E+010  7.706666E-003 -2.980816E-002  9.234525E-001 -3.124131E-001  9.237309E-001 -3.128897E-001  1.034285E-002 -3.065312E-002
  153 153/ 0  3.850000E+010  7.698470E-003 -2.894867E-002  9.222716E-001 -3.146768E-001  9.232177E-001 -3.150270E-001  1.149457E-002 -2.944021E-002
  154 154/ 0  3.875000E+010  6.733277E-003 -3.082725E-002  9.221212E-001 -3.162991E-001  9.226626E-001 -3.167473E-001  1.029003E-002 -3.142236E-002
  155 155/ 0  3.900000E+010  6.036242E-003 -2.811427E-002  9.204788E-001 -3.183684E-001  9.214258E-001 -3.189978E-001  1.063391E-002 -3.005060E-002
  156 156/ 0  3.925000E+010  7.817784E-003 -3.059427E-002  9.210134E-001 -3.194525E-001  9.214383E-001 -3.189580E-001  1.060242E-002 -3.079113E-002
  157 157/ 0  3.950000E+010  5.857579E-003 -2.956464E-002  9.191816E-001 -3.223110E-001  9.203269E-001 -3.227585E-001  9.908626E-003 -2.957878E-002
  158 158/ 0  3.975000E+010  8.053153E-003 -2.881429E-002  9.184520E-001 -3.230001E-001  9.187289E-001 -3.235380E-001  1.048920E-002 -2.913840E-002
  159 159/ 0  4.000000E+010  7.058662E-003 -2.982912E-002  9.186702E-001 -3.260981E-001  9.191445E-001 -3.262558E-001  1.025224E-002 -3.023337E-002
  160 160/ 0  4.025000E+010  7.071168E-003 -2.889538E-002  9.168053E-001 -3.272000E-001  9.175088E-001 -3.276982E-001  9.960058E-003 -2.906288E-002
  161 161/ 0  4.050000E+010  7.325892E-003 -2.949269E-002  9.167566E-001 -3.294657E-001  9.175159E-001 -3.298621E-001  1.043132E-002 -3.002363E-002
  162 162/ 0  4.075000E+010  7.794077E-003 -2.889802E-002  9.152380E-001 -3.306594E-001  9.163286E-001 -3.310989E-001  1.005487E-002 -2.894130E-002
  163 163/ 0  4.100000E+010  7.513316E-003 -2.962910E-002  9.150313E-001 -3.327950E-001  9.158224E-001 -3.334644E-001  1.025273E-002 -3.013942E-002
  164 164/ 0  4.125000E+010  5.409598E-003 -2.956874E-002  9.138691E-001 -3.342481E-001  9.148038E-001 -3.349895E-001  9.922429E-003 -2.943842E-002
  165 165/ 0  4.150000E+010  7.786694E-003 -2.926797E-002  9.133743E-001 -3.362514E-001  9.137895E-001 -3.366875E-001  1.076490E-002 -2.955118E-002
  166 166/ 0  4.175000E+010  5.901453E-003 -3.026665E-002  9.131139E-001 -3.382715E-001  9.132311E-001 -3.386673E-001  1.027258E-002 -3.072212E-002
  167 167/ 0  4.200000E+010  5.349394E-003 -3.064353E-002  9.123227E-001 -3.401297E-001  9.124665E-001 -3.408036E-001  9.357466E-003 -3.038143E-002
  168 168/ 0  4.225000E+010  5.945767E-003 -2.979705E-002  9.108891E-001 -3.422514E-001  9.116393E-001 -3.427343E-001  1.027527E-002 -3.064797E-002
  169 169/ 0  4.250000E+010  6.735369E-003 -3.099319E-002  9.109061E-001 -3.435503E-001  9.118178E-001 -3.438179E-001  9.392715E-003 -3.022724E-002
  170 170/ 0  4.275000E+010  5.158305E-003 -3.004945E-002  9.102654E-001 -3.461584E-001  9.101638E-001 -3.461525E-001  1.018052E-002 -2.967663E-002
  171 171/ 0  4.300000E+010  6.687853E-003 -3.005550E-002  9.092099E-001 -3.469927E-001  9.097335E-001 -3.475773E-001  1.033718E-002 -2.959042E-002
  172 172/ 0  4.325000E+010  5.449754E-003 -2.958100E-002  9.083970E-001 -3.491396E-001  9.089074E-001 -3.498407E-001  9.304545E-003 -2.937675E-002
  173 173/ 0  4.350000E+010  5.147521E-003 -3.008959E-002  9.075355E-001 -3.505288E-001  9.080112E-001 -3.515517E-001  9.376560E-003 -2.864990E-002
  174 174/ 0  4.375000E+010  5.084691E-003 -2.906607E-002  9.062283E-001 -3.533101E-001  9.066873E-001 -3.535725E-001  9.934555E-003 -2.914155E-002
  175 175/ 0  4.400000E+010  6.999557E-003 -2.876209E-002  9.058946E-001 -3.545050E-001  9.060303E-001 -3.549106E-001  9.821325E-003 -2.791140E-002
  176 176/ 0  4.425000E+010  5.069496E-003 -2.981989E-002  9.049638E-001 -3.568226E-001  9.048281E-001 -3.574105E-001  1.024282E-002 -2.957207E-002
  177 177/ 0  4.450000E+010  4.638244E-003 -2.888630E-002  9.035514E-001 -3.579719E-001  9.041283E-001 -3.591524E-001  8.927577E-003 -2.817871E-002
  178 178/ 0  4.475000E+010  5.439613E-003 -2.940860E-002  9.036013E-001 -3.597377E-001  9.031709E-001 -3.606882E-001  1.009085E-002 -2.908075E-002
  179 179/ 0  4.500000E+010  3.048657E-003 -2.997636E-002  9.031634E-001 -3.623405E-001  9.028487E-001 -3.631379E-001  9.039059E-003 -2.888839E-002
  180 180/ 0  4.525000E+010  4.864777E-003 -2.919033E-002  9.016926E-001 -3.635478E-001  9.017737E-001 -3.644659E-001  1.041787E-002 -2.868596E-002
  181 181/ 0  4.550000E+010  3.301677E-003 -3.000336E-002  9.016465E-001 -3.655196E-001  9.017047E-001 -3.663180E-001  8.843195E-003 -3.029659E-002
  182 182/ 0  4.575000E+010  4.645460E-003 -2.884973E-002  9.000403E-001 -3.667422E-001  9.005111E-001 -3.675712E-001  9.887977E-003 -2.854527E-002
  183 183/ 0  4.600000E+010  4.382670E-003 -3.023506E-002  9.004198E-001 -3.690372E-001  9.011116E-001 -3.700047E-001  9.431345E-003 -3.008164E-002
  184 184/ 0  4.625000E+010  4.385336E-003 -2.761243E-002  8.986671E-001 -3.709591E-001  8.980629E-001 -3.714665E-001  9.234026E-003 -2.757824E-002
  185 185/ 0  4.650000E+010  5.846757E-003 -2.900092E-002  8.993585E-001 -3.722783E-001  8.993322E-001 -3.720344E-001  1.108376E-002 -2.819200E-002
  186 186/ 0  4.675000E+010  3.423512E-003 -2.884344E-002  8.973698E-001 -3.752476E-001  8.972483E-001 -3.762007E-001  8.055892E-003 -2.765193E-002
  187 187/ 0  4.700000E+010  5.017841E-003 -2.681154E-002  8.965044E-001 -3.756511E-001  8.959109E-001 -3.766381E-001  1.075989E-002 -2.728846E-002
  188 188/ 0  4.725000E+010  4.328237E-003 -2.892578E-002  8.965739E-001 -3.791859E-001  8.957868E-001 -3.793102E-001  9.210713E-003 -2.707141E-002
  189 189/ 0  4.750000E+010  3.965963E-003 -2.688935E-002  8.943835E-001 -3.803965E-001  8.939847E-001 -3.806473E-001  9.415456E-003 -2.752609E-002
  190 190/ 0  4.775000E+010  5.324268E-003 -2.726952E-002  8.942748E-001 -3.816609E-001  8.933837E-001 -3.824729E-001  1.037292E-002 -2.653625E-002
  191 191/ 0  4.800000E+010  4.059183E-003 -2.699992E-002  8.930909E-001 -3.840494E-001  8.922353E-001 -3.839932E-001  9.418711E-003 -2.627357E-002
  192 192/ 0  4.825000E+010  4.558451E-003 -2.727420E-002  8.921837E-001 -3.856411E-001  8.914471E-001 -3.852432E-001  9.758154E-003 -2.672529E-002
  193 193/ 0  4.850000E+010  4.049168E-003 -2.795201E-002  8.918070E-001 -3.874049E-001  8.907915E-001 -3.877497E-001  1.018946E-002 -2.695904E-002
  194 194/ 0  4.875000E+010  3.896008E-003 -2.699474E-002  8.904331E-001 -3.890432E-001  8.894973E-001 -3.896141E-001  9.170426E-003 -2.658342E-002
  195 195/ 0  4.900000E+010  5.164612E-003 -2.641517E-002  8.897573E-001 -3.907412E-001  8.892342E-001 -3.902354E-001  1.130032E-002 -2.695964E-002
  196 196/ 0  4.925000E+010  3.306721E-003 -2.875938E-002  8.899084E-001 -3.933723E-001  8.894582E-001 -3.928489E-001  8.932743E-003 -2.806389E-002
  197 197/ 0  4.950000E+010  4.400980E-003 -2.520600E-002  8.869083E-001 -3.948474E-001  8.863364E-001 -3.944103E-001  9.913641E-003 -2.587852E-002
  198 198/ 0  4.975000E+010  6.722978E-003 -2.802270E-002  8.897475E-001 -3.952407E-001  8.894270E-001 -3.945091E-001  1.159330E-002 -2.831926E-002
  199 199/ 0  5.000000E+010  3.458894E-003 -2.508616E-002  8.859715E-001 -3.996526E-001  8.849398E-001 -3.987875E-001  9.141467E-003 -2.507850E-002
  200 200/ 0  5.025000E+010  6.947492E-003 -2.549212E-002  8.868430E-001 -3.984957E-001  8.859658E-001 -3.963822E-001  1.216202E-002 -2.720628E-002
  201 201/ 0  5.050000E+010  3.993064E-003 -2.697606E-002  8.841623E-001 -4.029716E-001  8.831544E-001 -4.024820E-001  1.005882E-002 -2.589571E-002
  202 202/ 0  5.075000E+010  6.931102E-003 -2.415456E-002  8.843123E-001 -4.013264E-001  8.836628E-001 -4.006268E-001  1.310032E-002 -2.478234E-002
  203 203/ 0  5.100000E+010  5.586465E-003 -2.548791E-002  8.834359E-001 -4.057227E-001  8.829673E-001 -4.041055E-001  1.130131E-002 -2.561239E-002
  204 204/ 0  5.125000E+010  7.047598E-003 -2.370606E-002  8.827861E-001 -4.058725E-001  8.816967E-001 -4.051581E-001  1.186908E-002 -2.515579E-002
  205 205/ 0  5.150000E+010  5.879102E-003 -2.523757E-002  8.811566E-001 -4.084293E-001  8.808539E-001 -4.076077E-001  9.516080E-003 -2.584870E-002
  206 206/ 0  5.175000E+010  5.149625E-003 -2.421404E-002  8.801460E-001 -4.100153E-001  8.797157E-001 -4.093557E-001  1.168145E-002 -2.419980E-002
  207 207/ 0  5.200000E+010  6.679166E-003 -2.471364E-002  8.797516E-001 -4.108256E-001  8.789422E-001 -4.104651E-001  9.375517E-003 -2.678935E-002
  208 208/ 0  5.225000E+010  5.472409E-003 -2.522141E-002  8.778582E-001 -4.140349E-001  8.786642E-001 -4.127480E-001  1.101354E-002 -2.597883E-002
  209 209/ 0  5.250000E+010  5.024232E-003 -2.514213E-002  8.779644E-001 -4.149132E-001  8.774812E-001 -4.144702E-001  1.170749E-002 -2.739701E-002
  210 210/ 0  5.275000E+010  5.824277E-003 -2.370384E-002  8.773652E-001 -4.169411E-001  8.771344E-001 -4.154862E-001  1.063020E-002 -2.556443E-002
  211 211/ 0  5.300000E+010  4.877490E-003 -2.514111E-002  8.765747E-001 -4.182529E-001  8.769777E-001 -4.185606E-001  1.351439E-002 -2.519311E-002
  212 212/ 0  5.325000E+010  5.105539E-003 -2.429259E-002  8.759882E-001 -4.204904E-001  8.748040E-001 -4.205270E-001  1.265885E-002 -2.504034E-002
  213 213/ 0  5.350000E+010  8.763869E-003 -2.364086E-002  8.752706E-001 -4.202011E-001  8.751695E-001 -4.196175E-001  1.181567E-002 -2.489155E-002
  214 214/ 0  5.375000E+010  4.501964E-003 -2.498612E-002  8.733121E-001 -4.235079E-001  8.733583E-001 -4.236642E-001  1.354958E-002 -2.399423E-002
  215 215/ 0  5.400000E+010  1.006618E-002 -2.367339E-002  8.740869E-001 -4.242735E-001  8.743812E-001 -4.225636E-001  1.173237E-002 -2.250682E-002
  216 216/ 0  5.425000E+010  4.647266E-003 -2.605701E-002  8.716936E-001 -4.282056E-001  8.710880E-001 -4.277912E-001  1.313644E-002 -2.321293E-002
  217 217/ 0  5.450000E+010  1.004508E-002 -2.292740E-002  8.720361E-001 -4.287564E-001  8.719528E-001 -4.267723E-001  1.160530E-002 -2.162321E-002
  218 218/ 0  5.475000E+010  6.739974E-003 -2.548241E-002  8.704490E-001 -4.322459E-001  8.707894E-001 -4.308515E-001  1.145428E-002 -2.211190E-002
  219 219/ 0  5.500000E+010  7.005037E-003 -2.209844E-002  8.685422E-001 -4.323143E-001  8.694526E-001 -4.314066E-001  1.229663E-002 -2.210801E-002
  220 220/ 0  5.525000E+010  8.760870E-003 -2.415329E-002  8.707670E-001 -4.343644E-001  8.705503E-001 -4.339520E-001  1.064742E-002 -2.239586E-002
  221 221/ 0  5.550000E+010  3.672522E-003 -2.468663E-002  8.665216E-001 -4.377138E-001  8.673574E-001 -4.362658E-001  1.255148E-002 -2.238296E-002
  222 222/ 0  5.575000E+010  6.751176E-003 -1.942872E-002  8.684482E-001 -4.382541E-001  8.679744E-001 -4.369833E-001  1.141864E-002 -2.519749E-002
  223 223/ 0  5.600000E+010  4.970232E-003 -2.642362E-002  8.670925E-001 -4.415939E-001  8.670270E-001 -4.411655E-001  1.326378E-002 -2.129763E-002
  224 224/ 0  5.625000E+010  5.251376E-003 -1.783238E-002  8.642818E-001 -4.405805E-001  8.659842E-001 -4.420187E-001  1.521007E-002 -2.901769E-002
  225 225/ 0  5.650000E+010  5.110791E-003 -2.278954E-002  8.648006E-001 -4.442575E-001  8.646313E-001 -4.446240E-001  1.467341E-002 -2.009306E-002
  226 226/ 0  5.675000E+010  6.491092E-003 -1.963680E-002  8.632440E-001 -4.445236E-001  8.624519E-001 -4.432652E-001  1.465496E-002 -2.466998E-002
  227 227/ 0  5.700000E+010  7.038916E-003 -2.199722E-002  8.617537E-001 -4.472456E-001  8.633560E-001 -4.460501E-001  1.314368E-002 -2.076155E-002
  228 228/ 0  5.725000E+010  7.916571E-003 -2.031720E-002  8.616646E-001 -4.462805E-001  8.609611E-001 -4.466426E-001  1.662626E-002 -1.973536E-002
  229 229/ 0  5.750000E+010  7.864657E-003 -2.187753E-002  8.605942E-001 -4.499190E-001  8.607894E-001 -4.493590E-001  1.298053E-002 -2.113496E-002
  230 230/ 0  5.775000E+010  7.974306E-003 -2.098965E-002  8.583541E-001 -4.521675E-001  8.589566E-001 -4.513362E-001  1.537300E-002 -1.830338E-002
  231 231/ 0  5.800000E+010  7.066420E-003 -1.935038E-002  8.572364E-001 -4.542528E-001  8.570299E-001 -4.533989E-001  1.182421E-002 -2.172281E-002
  232 232/ 0  5.825000E+010  7.712784E-003 -1.899334E-002  8.557550E-001 -4.555560E-001  8.564866E-001 -4.551583E-001  1.211393E-002 -1.857567E-002
  233 233/ 0  5.850000E+010  7.532540E-003 -2.094428E-002  8.553281E-001 -4.581320E-001  8.553082E-001 -4.578346E-001  1.545708E-002 -2.228426E-002
  234 234/ 0  5.875000E+010  4.930229E-003 -1.574872E-002  8.538907E-001 -4.597509E-001  8.541752E-001 -4.588404E-001  1.245707E-002 -2.188556E-002
  235 235/ 0  5.900000E+010  9.036304E-003 -1.804222E-002  8.532138E-001 -4.603156E-001  8.551559E-001 -4.597332E-001  1.467177E-002 -2.187576E-002
  236 236/ 0  5.925000E+010  4.404064E-003 -2.264980E-002  8.526459E-001 -4.643721E-001  8.531290E-001 -4.646829E-001  1.414851E-002 -2.291381E-002
  237 237/ 0  5.950000E+010  8.635675E-003 -1.402377E-002  8.508713E-001 -4.623693E-001  8.506696E-001 -4.617035E-001  1.340547E-002 -2.346499E-002
  238 238/ 0  5.975000E+010  5.243106E-003 -2.489015E-002  8.520134E-001 -4.662848E-001  8.527188E-001 -4.663048E-001  1.883670E-002 -2.219710E-002
  239 239/ 0  6.000000E+010  9.116402E-003 -1.364551E-002  8.496556E-001 -4.632993E-001  8.500823E-001 -4.625147E-001  1.228168E-002 -2.070247E-002
  240 240/ 0  6.025000E+010  7.296378E-003 -2.280398E-002  8.507590E-001 -4.680116E-001  8.520546E-001 -4.691065E-001  1.450498E-002 -1.908236E-002
  241 241/ 0  6.050000E+010  6.910532E-003 -1.277314E-002  8.448500E-001 -4.684752E-001  8.457774E-001 -4.671024E-001  1.319986E-002 -2.065153E-002
  242 242/ 0  6.075000E+010  1.591822E-002 -2.156164E-002  8.519362E-001 -4.686580E-001  8.514891E-001 -4.681639E-001  1.231544E-002 -1.411730E-002
  243 243/ 0  6.100000E+010  6.352298E-003 -1.722033E-002  8.440989E-001 -4.744019E-001  8.446218E-001 -4.748136E-001  1.501940E-002 -1.940992E-002
  244 244/ 0  6.125000E+010  1.535703E-002 -1.405309E-002  8.462792E-001 -4.719958E-001  8.478391E-001 -4.704118E-001  1.047064E-002 -1.653478E-002
  245 245/ 0  6.150000E+010  1.166913E-002 -2.074553E-002  8.450743E-001 -4.782319E-001  8.459441E-001 -4.779296E-001  1.550607E-002 -1.444414E-002
  246 246/ 0  6.175000E+010  7.248779E-003 -1.274907E-002  8.439429E-001 -4.762230E-001  8.441246E-001 -4.761065E-001  1.440266E-002 -1.979446E-002
  247 247/ 0  6.200000E+010  1.160985E-002 -1.697441E-002  8.414974E-001 -4.821161E-001  8.426194E-001 -4.803996E-001  1.557584E-002 -1.519942E-002
  248 248/ 0  6.225000E+010  7.611552E-003 -1.269625E-002  8.410740E-001 -4.820236E-001  8.414182E-001 -4.805569E-001  1.627382E-002 -2.069167E-002
  249 249/ 0  6.250000E+010  9.870811E-003 -1.692981E-002  8.404597E-001 -4.846705E-001  8.407062E-001 -4.845984E-001  1.581551E-002 -1.592002E-002
  250 250/ 0  6.275000E+010  2.761383E-003 -1.336928E-002  8.381334E-001 -4.848985E-001  8.374148E-001 -4.848661E-001  1.868561E-002 -2.195494E-002
  251 251/ 0  6.300000E+010  1.178747E-002 -1.188587E-002  8.375020E-001 -4.867160E-001  8.377648E-001 -4.871372E-001  1.420026E-002 -1.748134E-002
  252 252/ 0  6.325000E+010  8.636922E-003 -1.577924E-002  8.376690E-001 -4.868373E-001  8.379746E-001 -4.859547E-001  2.054792E-002 -1.417239E-002
  253 253/ 0  6.350000E+010  6.786539E-003 -1.732843E-002  8.383211E-001 -4.920090E-001  8.396071E-001 -4.929017E-001  1.813259E-002 -1.895442E-002
  254 254/ 0  6.375000E+010  1.137548E-002 -7.677505E-003  8.326485E-001 -4.907380E-001  8.325947E-001 -4.908326E-001  1.450574E-002 -1.575708E-002
  255 255/ 0  6.400000E+010  1.875180E-002 -2.316488E-002  8.427569E-001 -4.907845E-001  8.427717E-001 -4.904093E-001  1.999013E-002 -9.401798E-003
  256 256/ 0  6.425000E+010  2.815304E-003 -8.670751E-003  8.296175E-001 -4.987107E-001  8.303871E-001 -4.978570E-001  1.396840E-002 -2.002288E-002
  257 257/ 0  6.450000E+010  2.210421E-002 -1.030462E-002  8.347800E-001 -4.906450E-001  8.355441E-001 -4.890821E-001  1.165984E-002 -7.916956E-003
  258 258/ 0  6.475000E+010  6.553212E-003 -1.514310E-002  8.300482E-001 -5.006295E-001  8.299839E-001 -4.999855E-001  1.902312E-002 -1.442749E-002
  259 259/ 0  6.500000E+010  1.584643E-002 -5.652756E-003  8.300530E-001 -4.950819E-001  8.299043E-001 -4.956849E-001  1.082119E-002 -1.204514E-002
  260 260/ 0  6.525000E+010  9.356021E-003 -1.400189E-002  8.278982E-001 -5.028104E-001  8.282479E-001 -5.025180E-001  1.782356E-002 -1.275241E-002
  261 261/ 0  6.550000E+010  1.471441E-002 -2.805479E-003  8.276726E-001 -4.998191E-001  8.282214E-001 -5.003674E-001  1.215877E-002 -1.396943E-002
  262 262/ 0  6.575000E+010  1.428519E-002 -1.597241E-002  8.274612E-001 -5.047927E-001  8.272421E-001 -5.045907E-001  1.979899E-002 -9.228894E-003
  263 263/ 0  6.600000E+010  3.106263E-003 -2.790626E-003  8.245438E-001 -5.063285E-001  8.247694E-001 -5.063463E-001  1.505502E-002 -2.107746E-002
  264 264/ 0  6.625000E+010  1.888508E-002 -6.663706E-003  8.234804E-001 -5.049737E-001  8.234264E-001 -5.062290E-001  1.257933E-002 -5.615425E-003
  265 265/ 0  6.650000E+010  7.589217E-003 -1.039079E-002  8.242398E-001 -5.093732E-001  8.238186E-001 -5.098205E-001  2.371077E-002 -1.317705E-002
  266 266/ 0  6.675000E+010  1.255307E-002 -6.441493E-003  8.219738E-001 -5.132225E-001  8.216019E-001 -5.127523E-001  1.376785E-002 -1.178653E-002
  267 267/ 0  6.700000E+010  1.454592E-002 -7.838855E-003  8.200315E-001 -5.115374E-001  8.193648E-001 -5.109348E-001  1.574025E-002 -7.415238E-003
  268 268/ 0  6.725000E+010  1.902387E-002 -8.780404E-003  8.158904E-001 -5.177551E-001  8.182556E-001 -5.150225E-001  1.208754E-002 -1.025465E-002
  269 269/ 0  6.750000E+010  1.120272E-002 -7.457705E-003  8.161734E-001 -5.200350E-001  8.173163E-001 -5.168338E-001  1.725495E-002 -5.489592E-003
  270 270/ 0  6.775000E+010  2.067637E-002 -8.719113E-003  8.138572E-001 -5.208376E-001  8.162666E-001 -5.159823E-001  1.095333E-002 -8.334789E-003
  271 271/ 0  6.800000E+010  1.088220E-002 -9.806629E-003  8.148700E-001 -5.247009E-001  8.168742E-001 -5.204703E-001  1.780374E-002 -2.296971E-003
  272 272/ 0  6.825000E+010  2.282587E-002 -1.366860E-003  8.126659E-001 -5.232444E-001  8.148483E-001 -5.205094E-001  1.428087E-002 -7.256811E-003
  273 273/ 0  6.850000E+010  1.523352E-002 -1.444305E-002  8.154052E-001 -5.262595E-001  8.169586E-001 -5.221049E-001  1.440877E-002  2.502880E-003
  274 274/ 0  6.875000E+010  1.855198E-002  7.300478E-003  8.123278E-001 -5.281941E-001  8.142371E-001 -5.241678E-001  2.222384E-002 -8.053283E-003
  275 275/ 0  6.900000E+010  2.148752E-002 -1.345729E-002  8.123675E-001 -5.297187E-001  8.148320E-001 -5.257945E-001  1.395127E-002 -1.918127E-003
  276 276/ 0  6.925000E+010  1.163363E-002  4.686727E-003  8.101476E-001 -5.325396E-001  8.113023E-001 -5.289751E-001  2.772833E-002 -5.577947E-003
  277 277/ 0  6.950000E+010  2.344669E-002 -5.437594E-003  8.073064E-001 -5.323214E-001  8.091224E-001 -5.278510E-001  1.792196E-002 -2.943395E-003
  278 278/ 0  6.975000E+010  1.504818E-002 -1.850498E-003  8.074548E-001 -5.348056E-001  8.088591E-001 -5.307831E-001  2.460972E-002 -3.645019E-004
  279 279/ 0  7.000000E+010  1.999247E-002 -1.046216E-003  8.056048E-001 -5.360327E-001  8.068969E-001 -5.310851E-001  2.244453E-002 -1.326793E-003
  280 280/ 0  7.025000E+010  1.867109E-002 -2.764141E-003  8.047271E-001 -5.381364E-001  8.066770E-001 -5.336332E-001  2.277224E-002 -1.244276E-003
  281 281/ 0  7.050000E+010  2.093117E-002 -3.183239E-003  8.039337E-001 -5.401110E-001  8.043365E-001 -5.358687E-001  2.236972E-002  1.823644E-003
  282 282/ 0  7.075000E+010  1.913315E-002 -2.993652E-003  8.039735E-001 -5.417025E-001  8.055801E-001 -5.374526E-001  2.550360E-002 -5.665205E-004
  283 283/ 0  7.100000E+010  2.674701E-002  3.401435E-004  8.027769E-001 -5.432153E-001  8.047093E-001 -5.386098E-001  2.412621E-002  1.694978E-003
  284 284/ 0  7.125000E+010  1.975916E-002 -6.905323E-003  8.012125E-001 -5.458343E-001  8.026886E-001 -5.403178E-001  2.439437E-002  2.296299E-003
  285 285/ 0  7.150000E+010  2.571221E-002  8.061693E-004  7.980524E-001 -5.496512E-001  8.011217E-001 -5.442824E-001  2.402677E-002 -2.731105E-003
  286 286/ 0  7.175000E+010  2.298135E-002 -1.011664E-002  7.976860E-001 -5.515921E-001  7.993757E-001 -5.459931E-001  2.220001E-002  4.965033E-003
  287 287/ 0  7.200000E+010  2.515111E-002  1.304032E-003  7.963432E-001 -5.547090E-001  7.993458E-001 -5.487046E-001  2.829416E-002 -6.865837E-003
  288 288/ 0  7.225000E+010  2.915723E-002 -6.850695E-004  7.963817E-001 -5.553701E-001  7.988370E-001 -5.497025E-001  2.919887E-002  8.831795E-004
  289 289/ 0  7.250000E+010  2.248147E-002  3.626196E-003  7.938689E-001 -5.564594E-001  7.974179E-001 -5.502278E-001  3.397095E-002 -4.270741E-003
  290 290/ 0  7.275000E+010  2.669190E-002  4.366820E-003  7.935019E-001 -5.563145E-001  7.963710E-001 -5.503089E-001  2.991578E-002  1.238506E-003
  291 291/ 0  7.300000E+010  2.056726E-002  2.504197E-003  7.912678E-001 -5.558116E-001  7.943663E-001 -5.504486E-001  3.147482E-002  1.446726E-003
  292 292/ 0  7.325000E+010  2.546525E-002  4.052557E-003  7.901744E-001 -5.577152E-001  7.935236E-001 -5.520918E-001  2.806133E-002 -1.019388E-003
  293 293/ 0  7.350000E+010  2.131127E-002  1.985398E-003  7.897482E-001 -5.589632E-001  7.922758E-001 -5.531731E-001  3.051509E-002  4.000611E-003
  294 294/ 0  7.375000E+010  2.762689E-002  3.171740E-003  7.878037E-001 -5.611012E-001  7.913582E-001 -5.549949E-001  2.762461E-002 -1.957090E-003
  295 295/ 0  7.400000E+010  2.326412E-002  4.583805E-004  7.893795E-001 -5.625401E-001  7.920127E-001 -5.567250E-001  2.708792E-002  5.864127E-003
  296 296/ 0  7.425000E+010  2.820401E-002  7.672985E-003  7.861295E-001 -5.643493E-001  7.888610E-001 -5.593164E-001  3.031237E-002 -4.645135E-004
  297 297/ 0  7.450000E+010  2.972087E-002 -3.704884E-003  7.880497E-001 -5.657369E-001  7.912326E-001 -5.607355E-001  2.500437E-002  3.321959E-003
  298 298/ 0  7.475000E+010  2.629383E-002  8.088545E-003  7.848716E-001 -5.679933E-001  7.874804E-001 -5.623408E-001  3.241394E-002  1.460393E-003
  299 299/ 0  7.500000E+010  3.370346E-002 -4.896623E-003  7.856310E-001 -5.676832E-001  7.880511E-001 -5.628981E-001  2.545083E-002  3.693308E-003
  300 300/ 0  7.525000E+010  2.525488E-002  6.189479E-003  7.836147E-001 -5.708610E-001  7.861033E-001 -5.656829E-001  3.425924E-002  4.070422E-003
  301 301/ 0  7.550000E+010  3.456496E-002  4.057225E-003  7.813683E-001 -5.704391E-001  7.838744E-001 -5.648461E-001  2.830329E-002  3.480254E-003
  302 302/ 0  7.575000E+010  2.734791E-002  7.153392E-003  7.805998E-001 -5.738925E-001  7.832845E-001 -5.688490E-001  3.518652E-002  4.512688E-003
  303 303/ 0  7.600000E+010  3.425384E-002  8.981603E-003  7.793345E-001 -5.742511E-001  7.817521E-001 -5.693698E-001  3.361103E-002  4.300419E-003
  304 304/ 0  7.625000E+010  2.817986E-002  7.423628E-003  7.790493E-001 -5.762940E-001  7.813573E-001 -5.714299E-001  3.504917E-002  2.843798E-003
  305 305/ 0  7.650000E+010  3.285239E-002  1.366857E-002  7.786978E-001 -5.776124E-001  7.798379E-001 -5.738831E-001  3.677184E-002  5.654356E-003
  306 306/ 0  7.675000E+010  2.901822E-002  5.561719E-003  7.788902E-001 -5.795316E-001  7.813882E-001 -5.756490E-001  3.453166E-002  2.434746E-003
  307 307/ 0  7.700000E+010  3.261909E-002  1.724100E-002  7.771589E-001 -5.815184E-001  7.782765E-001 -5.772834E-001  3.653451E-002  7.527508E-003
  308 308/ 0  7.725000E+010  2.965010E-002 -3.851454E-004  7.757908E-001 -5.799849E-001  7.776697E-001 -5.761909E-001  3.103046E-002  7.942187E-003
  309 309/ 0  7.750000E+010  3.354756E-002  1.629162E-002  7.741217E-001 -5.859719E-001  7.762857E-001 -5.818001E-001  3.517278E-002  7.669339E-003
  310 310/ 0  7.775000E+010  3.856392E-002 -3.983659E-003  7.733546E-001 -5.866731E-001  7.753074E-001 -5.823638E-001  2.931335E-002  1.193273E-002
  311 311/ 0  7.800000E+010  3.546669E-002  9.654650E-003  7.758497E-001 -5.936058E-001  7.779128E-001 -5.895127E-001  3.590706E-002  3.244687E-003
  312 312/ 0  7.825000E+010  4.718462E-002  5.290921E-003  7.732012E-001 -5.915081E-001  7.757205E-001 -5.869183E-001  3.355602E-002  1.071568E-002
  313 313/ 0  7.850000E+010  3.366268E-002  8.763636E-003  7.734911E-001 -5.930281E-001  7.757460E-001 -5.879383E-001  3.858049E-002  8.442885E-003
  314 314/ 0  7.875000E+010  4.265970E-002  1.921404E-002  7.698951E-001 -5.909979E-001  7.715731E-001 -5.871608E-001  3.929392E-002  1.244275E-002
  315 315/ 0  7.900000E+010  3.443818E-002  7.590252E-003  7.668302E-001 -5.928431E-001  7.688580E-001 -5.882411E-001  3.856838E-002  1.281895E-002
  316 316/ 0  7.925000E+010  3.938128E-002  1.508609E-002  7.657831E-001 -5.940758E-001  7.676956E-001 -5.903242E-001  3.793787E-002  9.081177E-003
  317 317/ 0  7.950000E+010  3.788640E-002  1.431408E-002  7.635883E-001 -5.954818E-001  7.656659E-001 -5.912691E-001  4.194940E-002  1.197973E-002
  318 318/ 0  7.975000E+010  4.054038E-002  1.498028E-002  7.624682E-001 -5.961614E-001  7.647505E-001 -5.920831E-001  3.796058E-002  8.169768E-003
  319 319/ 0  8.000000E+010  3.761525E-002  1.575308E-002  7.618778E-001 -5.985337E-001  7.638493E-001 -5.939301E-001  4.167648E-002  1.324158E-002
  320 320/ 0  8.025000E+010  4.160380E-002  1.708825E-002  7.596012E-001 -5.998597E-001  7.621995E-001 -5.958455E-001  4.033950E-002  8.262648E-003
  321 321/ 0  8.050000E+010  4.089311E-002  1.075968E-002  7.614927E-001 -6.014841E-001  7.641472E-001 -5.970495E-001  3.893579E-002  1.325973E-002
  322 322/ 0  8.075000E+010  4.033610E-002  2.285829E-002  7.589692E-001 -6.036065E-001  7.613333E-001 -5.989527E-001  4.379882E-002  1.142018E-002
  323 323/ 0  8.100000E+010  4.725657E-002  8.827636E-003  7.596293E-001 -6.035845E-001  7.629475E-001 -5.980288E-001  3.701112E-002  1.329266E-002
  324 324/ 0  8.125000E+010  3.928806E-002  2.060366E-002  7.584860E-001 -6.070755E-001  7.609608E-001 -6.024080E-001  4.505780E-002  1.634960E-002
  325 325/ 0  8.150000E+010  5.388906E-002  1.213981E-002  7.577036E-001 -6.070309E-001  7.605838E-001 -6.016133E-001  3.902715E-002  1.590289E-002
  326 326/ 0  8.175000E+010  4.286898E-002  1.362367E-002  7.594497E-001 -6.115535E-001  7.627540E-001 -6.061233E-001  4.286226E-002  1.621083E-002
  327 327/ 0  8.200000E+010  5.055807E-002  2.330255E-002  7.534581E-001 -6.113098E-001  7.564511E-001 -6.052182E-001  4.307854E-002  1.661968E-002
  328 328/ 0  8.225000E+010  4.789475E-002  1.103196E-002  7.558213E-001 -6.138751E-001  7.586603E-001 -6.088991E-001  4.360256E-002  1.535373E-002
  329 329/ 0  8.250000E+010  4.748006E-002  2.449336E-002  7.510600E-001 -6.142737E-001  7.536397E-001 -6.097164E-001  4.859329E-002  1.668825E-002
  330 330/ 0  8.275000E+010  4.965613E-002  1.294423E-002  7.501816E-001 -6.158890E-001  7.528269E-001 -6.109747E-001  4.487382E-002  1.570768E-002
  331 331/ 0  8.300000E+010  4.767100E-002  2.158514E-002  7.491265E-001 -6.186508E-001  7.508833E-001 -6.148078E-001  4.913783E-002  1.608147E-002
  332 332/ 0  8.325000E+010  4.862152E-002  1.622056E-002  7.464675E-001 -6.193199E-001  7.487763E-001 -6.147663E-001  4.839527E-002  1.537683E-002
  333 333/ 0  8.350000E+010  5.102440E-002  2.223174E-002  7.468219E-001 -6.221826E-001  7.479705E-001 -6.193424E-001  4.784078E-002  1.500916E-002
  334 334/ 0  8.375000E+010  5.140514E-002  1.689915E-002  7.437339E-001 -6.226833E-001  7.461136E-001 -6.178746E-001  4.900773E-002  1.908743E-002
  335 335/ 0  8.400000E+010  5.166401E-002  2.136877E-002  7.435688E-001 -6.264430E-001  7.460996E-001 -6.220855E-001  4.828248E-002  1.253468E-002
  336 336/ 0  8.425000E+010  5.380050E-002  1.964633E-002  7.415580E-001 -6.267131E-001  7.437356E-001 -6.220396E-001  4.965156E-002  2.082621E-002
  337 337/ 0  8.450000E+010  5.011733E-002  2.091537E-002  7.420466E-001 -6.275709E-001  7.442414E-001 -6.237851E-001  5.225239E-002  1.488750E-002
  338 338/ 0  8.475000E+010  5.739065E-002  2.281972E-002  7.405184E-001 -6.292452E-001  7.429942E-001 -6.249067E-001  4.812235E-002  2.026655E-002
  339 339/ 0  8.500000E+010  5.317351E-002  1.769648E-002  7.379193E-001 -6.291542E-001  7.406681E-001 -6.247083E-001  5.260394E-002  1.952301E-002
  340 340/ 0  8.525000E+010  5.657577E-002  2.113213E-002  7.368947E-001 -6.314769E-001  7.396602E-001 -6.265902E-001  4.788495E-002  2.017227E-002
  341 341/ 0  8.550000E+010  5.490252E-002  1.564176E-002  7.363273E-001 -6.331385E-001  7.379018E-001 -6.294943E-001  5.250552E-002  2.205191E-002
  342 342/ 0  8.575000E+010  5.495820E-002  2.311248E-002  7.334112E-001 -6.352114E-001  7.358781E-001 -6.306502E-001  5.033634E-002  1.888661E-002
  343 343/ 0  8.600000E+010  5.915312E-002  1.778600E-002  7.346177E-001 -6.356960E-001  7.359825E-001 -6.327226E-001  5.275001E-002  2.361894E-002
  344 344/ 0  8.625000E+010  5.657462E-002  2.520381E-002  7.311847E-001 -6.384427E-001  7.339805E-001 -6.337788E-001  5.527597E-002  1.986482E-002
  345 345/ 0  8.650000E+010  6.295424E-002  1.801693E-002  7.327254E-001 -6.385747E-001  7.358143E-001 -6.342414E-001  5.408956E-002  2.543883E-002
  346 346/ 0  8.675000E+010  5.506864E-002  2.638334E-002  7.300398E-001 -6.409821E-001  7.329562E-001 -6.367511E-001  6.032695E-002  2.113391E-002
  347 347/ 0  8.700000E+010  6.299133E-002  2.243853E-002  7.288078E-001 -6.411673E-001  7.312212E-001 -6.370558E-001  5.529170E-002  2.483467E-002
  348 348/ 0  8.725000E+010  5.691357E-002  2.406925E-002  7.278350E-001 -6.442650E-001  7.305733E-001 -6.400601E-001  6.133183E-002  2.121677E-002
  349 349/ 0  8.750000E+010  6.197073E-002  3.046340E-002  7.263720E-001 -6.459831E-001  7.292776E-001 -6.419688E-001  5.886373E-002  2.430544E-002
  350 350/ 0  8.775000E+010  5.952627E-002  1.806485E-002  7.262024E-001 -6.473593E-001  7.280939E-001 -6.435881E-001  6.078829E-002  2.202687E-002
  351 351/ 0  8.800000E+010  5.909912E-002  3.310710E-002  7.233312E-001 -6.492059E-001  7.260797E-001 -6.452213E-001  6.239985E-002  2.125497E-002
  352 352/ 0  8.825000E+010  6.473824E-002  1.704678E-002  7.229376E-001 -6.488810E-001  7.254044E-001 -6.451966E-001  5.808197E-002  2.212965E-002
  353 353/ 0  8.850000E+010  5.674753E-002  2.804482E-002  7.198922E-001 -6.513736E-001  7.226555E-001 -6.471636E-001  6.278930E-002  2.318064E-002
  354 354/ 0  8.875000E+010  6.522749E-002  1.924784E-002  7.183294E-001 -6.515896E-001  7.203445E-001 -6.483701E-001  5.425263E-002  2.172869E-002
  355 355/ 0  8.900000E+010  5.932817E-002  2.535324E-002  7.164280E-001 -6.560332E-001  7.193793E-001 -6.518858E-001  6.133790E-002  2.456326E-002
  356 356/ 0  8.925000E+010  6.368892E-002  2.085715E-002  7.148520E-001 -6.549742E-001  7.167575E-001 -6.509878E-001  5.632782E-002  2.221395E-002
  357 357/ 0  8.950000E+010  6.113293E-002  2.606492E-002  7.129612E-001 -6.602749E-001  7.161022E-001 -6.552107E-001  5.829318E-002  2.481787E-002
  358 358/ 0  8.975000E+010  6.719778E-002  2.356751E-002  7.115530E-001 -6.589553E-001  7.146259E-001 -6.547287E-001  5.789313E-002  2.593011E-002
  359 359/ 0  9.000000E+010  6.213402E-002  2.782084E-002  7.100096E-001 -6.622272E-001  7.140775E-001 -6.566194E-001  5.928221E-002  2.387939E-002
  360 360/ 0  9.025000E+010  6.928654E-002  3.110967E-002  7.089657E-001 -6.618240E-001  7.114077E-001 -6.586208E-001  6.208495E-002  2.823123E-002
  361 361/ 0  9.050000E+010  6.215056E-002  2.835971E-002  7.065876E-001 -6.646426E-001  7.112384E-001 -6.589057E-001  6.445862E-002  2.460689E-002
  362 362/ 0  9.075000E+010  6.531351E-002  3.621040E-002  7.048230E-001 -6.663876E-001  7.070283E-001 -6.615707E-001  6.193730E-002  2.963255E-002
  363 363/ 0  9.100000E+010  6.597643E-002  2.743062E-002  7.023734E-001 -6.670758E-001  7.063056E-001 -6.627530E-001  6.464649E-002  2.796635E-002
  364 364/ 0  9.125000E+010  6.457790E-002  3.516829E-002  7.023844E-001 -6.698528E-001  7.064078E-001 -6.649842E-001  6.159895E-002  2.495087E-002
  365 365/ 0  9.150000E+010  7.119879E-002  3.194554E-002  6.995849E-001 -6.701814E-001  7.028512E-001 -6.653157E-001  6.529355E-002  2.959673E-002
  366 366/ 0  9.175000E+010  6.420559E-002  3.178987E-002  7.001702E-001 -6.716930E-001  7.041567E-001 -6.670824E-001  6.173009E-002  2.659077E-002
  367 367/ 0  9.200000E+010  7.104051E-002  3.187995E-002  6.973482E-001 -6.747656E-001  7.014987E-001 -6.695957E-001  6.354496E-002  3.173554E-002
  368 368/ 0  9.225000E+010  6.932666E-002  3.052932E-002  6.956240E-001 -6.731742E-001  6.990595E-001 -6.683864E-001  6.488438E-002  3.243742E-002
  369 369/ 0  9.250000E+010  7.378412E-002  2.651987E-002  6.957306E-001 -6.772565E-001  6.989439E-001 -6.723108E-001  5.971845E-002  3.191345E-002
  370 370/ 0  9.275000E+010  7.366224E-002  3.299511E-002  6.912624E-001 -6.761634E-001  6.956267E-001 -6.716254E-001  6.838084E-002  3.367910E-002
  371 371/ 0  9.300000E+010  7.652208E-002  2.501567E-002  6.917629E-001 -6.775775E-001  6.951043E-001 -6.722646E-001  6.040646E-002  3.299915E-002
  372 372/ 0  9.325000E+010  7.442308E-002  3.514490E-002  6.889375E-001 -6.802346E-001  6.921475E-001 -6.758520E-001  7.153738E-002  3.329924E-002
  373 373/ 0  9.350000E+010  7.896273E-002  3.335471E-002  6.878445E-001 -6.792460E-001  6.913925E-001 -6.754164E-001  6.709898E-002  3.324710E-002
  374 374/ 0  9.375000E+010  7.405229E-002  3.291223E-002  6.876651E-001 -6.834932E-001  6.906823E-001 -6.785287E-001  7.099112E-002  3.216630E-002
  375 375/ 0  9.400000E+010  7.577787E-002  4.342103E-002  6.853885E-001 -6.827849E-001  6.891264E-001 -6.799123E-001  7.388457E-002  3.306439E-002
  376 376/ 0  9.425000E+010  7.606084E-002  3.383481E-002  6.833710E-001 -6.846934E-001  6.875700E-001 -6.800334E-001  7.047180E-002  3.285093E-002
  377 377/ 0  9.450000E+010  7.428154E-002  4.661972E-002  6.822642E-001 -6.882079E-001  6.856956E-001 -6.841853E-001  7.492614E-002  3.301617E-002
  378 378/ 0  9.475000E+010  7.774824E-002  3.388736E-002  6.785921E-001 -6.873434E-001  6.836136E-001 -6.830999E-001  7.069111E-002  3.280389E-002
  379 379/ 0  9.500000E+010  7.364535E-002  3.995576E-002  6.805491E-001 -6.919243E-001  6.839251E-001 -6.874390E-001  6.956443E-002  3.353385E-002
  380 380/ 0  9.525000E+010  8.009143E-002  3.564689E-002  6.750294E-001 -6.910072E-001  6.799968E-001 -6.861011E-001  7.057819E-002  3.510086E-002
  381 381/ 0  9.550000E+010  7.452272E-002  3.375451E-002  6.776019E-001 -6.939136E-001  6.815230E-001 -6.898940E-001  6.608826E-002  3.701006E-002
  382 382/ 0  9.575000E+010  8.291241E-002  3.967498E-002  6.719403E-001 -6.939543E-001  6.774065E-001 -6.891095E-001  7.238536E-002  3.910783E-002
  383 383/ 0  9.600000E+010  7.672016E-002  3.386302E-002  6.734239E-001 -6.945822E-001  6.774285E-001 -6.895108E-001  6.849826E-002  4.057188E-002
  384 384/ 0  9.625000E+010  8.396918E-002  4.370453E-002  6.698436E-001 -6.961768E-001  6.741389E-001 -6.919674E-001  7.297471E-002  4.059808E-002
  385 385/ 0  9.650000E+010  8.577256E-002  3.802731E-002  6.676477E-001 -6.955451E-001  6.723219E-001 -6.910654E-001  7.467431E-002  4.324752E-002
  386 386/ 0  9.675000E+010  8.474372E-002  4.434304E-002  6.658100E-001 -7.001858E-001  6.696128E-001 -6.953008E-001  7.356864E-002  3.845264E-002
  387 387/ 0  9.700000E+010  9.358422E-002  4.497511E-002  6.650571E-001 -6.983970E-001  6.687094E-001 -6.947295E-001  7.860659E-002  4.026105E-002
  388 388/ 0  9.725000E+010  8.511577E-002  4.294129E-002  6.636637E-001 -7.009059E-001  6.683817E-001 -6.954331E-001  7.772496E-002  3.845399E-002
  389 389/ 0  9.750000E+010  9.357790E-002  5.234978E-002  6.605163E-001 -7.022822E-001  6.646453E-001 -6.968022E-001  7.713531E-002  4.212326E-002
  390 390/ 0  9.775000E+010  8.686737E-002  4.123906E-002  6.595881E-001 -7.011689E-001  6.646671E-001 -6.961595E-001  7.985298E-002  4.182692E-002
  391 391/ 0  9.800000E+010  9.129471E-002  4.789916E-002  6.584841E-001 -7.051716E-001  6.623210E-001 -6.999385E-001  7.745407E-002  4.298384E-002
  392 392/ 0  9.825000E+010  9.325384E-002  4.144156E-002  6.572125E-001 -7.034873E-001  6.611119E-001 -6.994836E-001  8.215120E-002  4.446831E-002
  393 393/ 0  9.850000E+010  9.198228E-002  3.988211E-002  6.588900E-001 -7.077161E-001  6.632408E-001 -7.020321E-001  7.644413E-002  4.061759E-002
  394 394/ 0  9.875000E+010  9.286792E-002  4.129096E-002  6.565890E-001 -7.081922E-001  6.607881E-001 -7.035615E-001  7.854978E-002  4.714292E-002
  395 395/ 0  9.900000E+010  9.449221E-002  3.728268E-002  6.544698E-001 -7.084474E-001  6.585848E-001 -7.035201E-001  7.686405E-002  4.486210E-002
  396 396/ 0  9.925000E+010  9.142215E-002  3.693637E-002  6.542529E-001 -7.102074E-001  6.593910E-001 -7.056284E-001  7.740327E-002  5.089069E-002
  397 397/ 0  9.950000E+010  9.298318E-002  4.245580E-002  6.511146E-001 -7.112371E-001  6.558120E-001 -7.061662E-001  7.972406E-002  4.714431E-002
  398 398/ 0  9.975000E+010  9.322262E-002  3.409494E-002  6.537704E-001 -7.121278E-001  6.583419E-001 -7.062435E-001  7.566519E-002  5.454303E-002
  399 399/ 0  1.000000E+011  9.123503E-002  5.013609E-002  6.483445E-001 -7.138870E-001  6.535726E-001 -7.091332E-001  8.687914E-002  5.150142E-002
  400 400/ 0  1.002500E+011  9.971423E-002  3.933844E-002  6.476812E-001 -7.130422E-001  6.527968E-001 -7.057137E-001  7.798914E-002  5.380126E-002
  401 401/ 0  1.005000E+011  8.990464E-002  5.199498E-002  6.457319E-001 -7.174213E-001  6.508835E-001 -7.115424E-001  8.962055E-002  5.298547E-002
  402 402/ 0  1.007500E+011  1.021004E-001  5.170377E-002  6.415612E-001 -7.162001E-001  6.476275E-001 -7.097298E-001  8.752489E-002  5.277691E-002
  403 403/ 0  1.010000E+011  9.337329E-002  4.778199E-002  6.426738E-001 -7.210530E-001  6.472672E-001 -7.147017E-001  9.197748E-002  5.245103E-002
  404 404/ 0  1.012500E+011  1.006280E-001  5.751477E-002  6.387068E-001 -7.189185E-001  6.448142E-001 -7.136317E-001  9.462081E-002  5.082633E-002
  405 405/ 0  1.015000E+011  9.952938E-002  4.505534E-002  6.404590E-001 -7.201140E-001  6.456244E-001 -7.140773E-001  9.184141E-002  5.154239E-002
  406 406/ 0  1.017500E+011  9.833707E-002  5.445467E-002  6.373355E-001 -7.211461E-001  6.416430E-001 -7.164896E-001  9.380080E-002  5.067633E-002
  407 407/ 0  1.020000E+011  9.965746E-002  4.472561E-002  6.356233E-001 -7.213200E-001  6.409108E-001 -7.156441E-001  8.731936E-002  5.115002E-002
  408 408/ 0  1.022500E+011  1.016863E-001  5.239307E-002  6.340515E-001 -7.243047E-001  6.393003E-001 -7.187708E-001  9.191353E-002  5.267484E-002
  409 409/ 0  1.025000E+011  1.042815E-001  4.771354E-002  6.327516E-001 -7.235205E-001  6.373035E-001 -7.184748E-001  9.105714E-002  5.390444E-002
  410 410/ 0  1.027500E+011  1.048252E-001  5.015594E-002  6.308254E-001 -7.268077E-001  6.357428E-001 -7.209593E-001  9.344849E-002  5.233685E-002
  411 411/ 0  1.030000E+011  1.080184E-001  4.950317E-002  6.298027E-001 -7.255914E-001  6.341204E-001 -7.207881E-001  9.297552E-002  5.611143E-002
  412 412/ 0  1.032500E+011  1.055768E-001  4.838879E-002  6.268309E-001 -7.302840E-001  6.326940E-001 -7.241257E-001  9.341849E-002  5.242377E-002
  413 413/ 0  1.035000E+011  1.112137E-001  4.961577E-002  6.261920E-001 -7.282557E-001  6.317354E-001 -7.228131E-001  9.405875E-002  5.355001E-002
  414 414/ 0  1.037500E+011  1.040955E-001  4.648670E-002  6.264088E-001 -7.316405E-001  6.315872E-001 -7.251865E-001  9.319713E-002  5.354612E-002
  415 415/ 0  1.040000E+011  1.107183E-001  5.317193E-002  6.214218E-001 -7.313054E-001  6.279547E-001 -7.248309E-001  9.359802E-002  5.273933E-002
  416 416/ 0  1.042500E+011  1.025423E-001  4.769957E-002  6.225597E-001 -7.324495E-001  6.290531E-001 -7.259781E-001  9.393242E-002  5.732860E-002
  417 417/ 0  1.045000E+011  1.079130E-001  5.521141E-002  6.177398E-001 -7.351465E-001  6.237414E-001 -7.274021E-001  9.500649E-002  5.566376E-002
  418 418/ 0  1.047500E+011  1.048385E-001  4.859098E-002  6.189058E-001 -7.345881E-001  6.254067E-001 -7.285297E-001  9.493267E-002  5.782136E-002
  419 419/ 0  1.050000E+011  1.047484E-001  5.519270E-002  6.153564E-001 -7.375809E-001  6.219929E-001 -7.305224E-001  9.497414E-002  5.826057E-002
  420 420/ 0  1.052500E+011  1.081398E-001  5.272858E-002  6.146054E-001 -7.369625E-001  6.216143E-001 -7.302251E-001  9.629112E-002  5.971518E-002
  421 421/ 0  1.055000E+011  1.041295E-001  5.718845E-002  6.124863E-001 -7.392606E-001  6.203157E-001 -7.316593E-001  9.695557E-002  6.067180E-002
  422 422/ 0  1.057500E+011  1.120102E-001  5.266907E-002  6.109081E-001 -7.399335E-001  6.187559E-001 -7.314295E-001  9.519757E-002  6.182695E-002
  423 423/ 0  1.060000E+011  1.041360E-001  5.820797E-002  6.090078E-001 -7.408043E-001  6.169501E-001 -7.333511E-001  1.000131E-001  6.258155E-002
  424 424/ 0  1.062500E+011  1.123733E-001  5.380302E-002  6.091492E-001 -7.404485E-001  6.165948E-001 -7.332580E-001  9.255834E-002  6.347551E-002
  425 425/ 0  1.065000E+011  1.060620E-001  5.963704E-002  6.082015E-001 -7.439260E-001  6.157055E-001 -7.361278E-001  1.021036E-001  6.640774E-002
  426 426/ 0  1.067500E+011  1.132569E-001  5.978665E-002  6.037782E-001 -7.433640E-001  6.120226E-001 -7.345308E-001  9.481179E-002  6.644544E-002
  427 427/ 0  1.070000E+011  1.096505E-001  5.838328E-002  6.048821E-001 -7.468326E-001  6.128881E-001 -7.395337E-001  1.033080E-001  6.793540E-002
  428 428/ 0  1.072500E+011  1.140058E-001  6.482943E-002  6.012671E-001 -7.468974E-001  6.094984E-001 -7.389780E-001  9.988485E-002  6.630647E-002
  429 429/ 0  1.075000E+011  1.126289E-001  5.758958E-002  6.033065E-001 -7.505112E-001  6.112459E-001 -7.415215E-001  9.873903E-002  7.078559E-002
  430 430/ 0  1.077500E+011  1.145232E-001  7.131686E-002  5.962578E-001 -7.510494E-001  6.049727E-001 -7.433614E-001  1.043246E-001  6.942172E-002
  431 431/ 0  1.080000E+011  1.184916E-001  6.084966E-002  5.964292E-001 -7.508173E-001  6.058865E-001 -7.419598E-001  9.928252E-002  7.169679E-002
  432 432/ 0  1.082500E+011  1.166575E-001  7.131282E-002  5.921521E-001 -7.540201E-001  6.004677E-001 -7.454117E-001  1.088081E-001  7.202622E-002
  433 433/ 0  1.085000E+011  1.221657E-001  6.739209E-002  5.898291E-001 -7.525563E-001  6.007089E-001 -7.435896E-001  1.038299E-001  7.012871E-002
  434 434/ 0  1.087500E+011  1.171263E-001  6.778478E-002  5.897534E-001 -7.583170E-001  6.002139E-001 -7.484545E-001  1.067423E-001  7.507511E-002
  435 435/ 0  1.090000E+011  1.236736E-001  7.551360E-002  5.863585E-001 -7.560562E-001  5.967213E-001 -7.471291E-001  1.109900E-001  7.368440E-002
  436 436/ 0  1.092500E+011  1.211970E-001  6.338100E-002  5.864697E-001 -7.576884E-001  5.975475E-001 -7.477177E-001  1.065532E-001  7.447144E-002
  437 437/ 0  1.095000E+011  1.226911E-001  7.523128E-002  5.840381E-001 -7.589392E-001  5.941145E-001 -7.500566E-001  1.139677E-001  7.729135E-002
  438 438/ 0  1.097500E+011  1.245782E-001  6.608060E-002  5.814537E-001 -7.586207E-001  5.921914E-001 -7.486388E-001  1.100950E-001  7.431160E-002
  439 439/ 0  1.100000E+011  1.220719E-001  7.108954E-002  5.796212E-001 -7.618835E-001  5.898739E-001 -7.517279E-001  1.121972E-001  7.952795E-002
